2     20     0.00     0.00620
2     20     0.00     0.00342
2     20     0.00     0.00300
2     20     4.00     0.00290
2     20     4.00     0.00347
2     20     4.00     0.00696
2     20     8.00     0.00301
2     20     8.00     0.00605
2     20     8.00     0.00572
2     20     0.00     0.00304
2     20     0.00     0.00301
2     20     0.00     0.00700
2     20     4.00     0.00303
2     20     4.00     0.01770
2     20     4.00     0.00602
2     20     8.00     0.00557
2     20     8.00     0.02163
2     20     8.00     0.00588
2     20     0.00     0.00305
2     20     0.00     0.00295
2     20     0.00     0.00298
2     20     0.00     0.00640
2     20     0.00     0.00294
2     20     0.00     0.00348
2     20     0.00     0.00690
2     20     0.00     0.00295
2     20     0.00     0.00290
2     20     0.00     0.00293
2     20     0.00     0.00293
2     20     0.00     0.00289
2     20     0.00     0.00308
2     20     0.00     0.00323
2     20     0.00     0.00307
2     20     0.00     0.00290
2     20     0.00     0.00289
2     20     0.00     0.00293
2     20     0.00     0.00310
2     20     0.00     0.00312
2     20     4.00     0.00655
2     20     4.00     0.00804
2     20     4.00     0.00293
2     20     4.00     0.00347
2     20     4.00     0.00647
2     20     4.00     0.00295
2     20     4.00     0.00289
2     20     4.00     0.02269
2     20     4.00     0.00594
2     20     4.00     0.00724
2     20     4.00     0.00693
2     20     4.00     0.00575
2     20     4.00     0.00859
2     20     4.00     0.00325
2     20     4.00     0.00631
2     20     4.00     0.00576
2     20     4.00     0.00294
2     20     4.00     0.00827
2     20     4.00     0.00641
2     20     4.00     0.00292
2     20     8.00     0.00291
2     20     8.00     0.00773
2     20     8.00     0.00691
2     20     8.00     0.00583
2     20     8.00     0.00866
2     20     8.00     0.00699
2     20     8.00     0.00611
2     20     8.00     0.02100
2     20     8.00     0.02635
2     20     8.00     0.00624
2     20     8.00     0.00296
2     20     8.00     0.00899
2     20     8.00     0.00699
2     20     8.00     0.00606
2     20     8.00     0.00581
2     20     8.00     0.00298
2     20     8.00     0.02016
2     20     8.00     0.01684
2     20     8.00     0.00608
2     20     8.00     0.00811
2     20     12.00     0.00741
2     20     12.00     0.01136
2     20     12.00     0.00849
2     20     12.00     0.01302
2     20     12.00     0.00566
2     20     12.00     0.02143
2     20     12.00     0.01077
2     20     12.00     0.01343
2     20     12.00     0.00835
2     20     12.00     0.01782
2     20     12.00     0.00817
2     20     12.00     0.02043
2     20     12.00     0.00826
2     20     12.00     0.03708
2     20     12.00     0.01367
2     20     12.00     0.02194
2     20     12.00     0.00296
2     20     12.00     0.02316
2     20     12.00     0.02518
2     20     12.00     0.01437
2     20     16.00     0.02082
2     20     16.00     0.01385
2     20     16.00     0.02024
2     20     16.00     0.02149
2     20     16.00     0.00882
2     20     16.00     0.00832
2     20     16.00     0.02665
2     20     16.00     0.01190
2     20     16.00     0.00620
2     20     16.00     0.01979
2     20     16.00     0.01107
2     20     16.00     0.00296
2     20     16.00     0.01480
2     20     16.00     0.01323
2     20     16.00     0.03162
2     20     16.00     0.01504
2     20     16.00     0.03742
2     20     16.00     0.04102
2     20     16.00     0.00802
2     20     16.00     0.02216
2     20     20.00     0.03448
2     20     20.00     0.01498
2     20     20.00     0.04234
2     20     20.00     0.04216
2     20     20.00     0.02127
2     20     20.00     0.04772
2     20     20.00     0.06067
2     20     20.00     0.01675
2     20     20.00     0.04709
2     20     20.00     0.02438
2     20     20.00     0.04265
2     20     20.00     0.03304
2     20     20.00     0.03393
2     20     20.00     0.01521
2     20     20.00     0.01922
2     20     20.00     0.03558
2     20     20.00     0.02533
2     20     20.00     0.02489
2     20     20.00     0.02811
2     20     20.00     0.04564
2     20     24.00     0.05848
2     20     24.00     0.04696
2     20     24.00     0.02772
2     20     24.00     0.06246
2     20     24.00     0.06199
2     20     24.00     0.07325
2     20     24.00     0.06310
2     20     24.00     0.07145
2     20     24.00     0.05695
2     20     24.00     0.03195
2     20     24.00     0.03864
2     20     24.00     0.06408
2     20     24.00     0.07738
2     20     24.00     0.07724
2     20     24.00     0.05246
2     20     24.00     0.10389
2     20     24.00     0.04122
2     20     24.00     0.03465
2     20     24.00     0.03033
2     20     24.00     0.03105
2     20     28.00     0.09980
2     20     28.00     0.13866
2     20     28.00     0.09170
2     20     28.00     0.12039
2     20     28.00     0.16857
2     20     28.00     0.10653
2     20     28.00     0.09411
2     20     28.00     0.11986
2     20     28.00     0.11823
2     20     28.00     0.07558
2     20     28.00     0.06957
2     20     28.00     0.08790
2     20     28.00     0.10290
2     20     28.00     0.09364
2     20     28.00     0.17547
2     20     28.00     0.09357
2     20     28.00     0.09933
2     20     28.00     0.09213
2     20     28.00     0.12388
2     20     28.00     0.08861
2     20     32.00     0.29150
2     20     32.00     0.15080
2     20     32.00     0.36806
2     20     32.00     0.23488
2     20     32.00     0.15051
2     20     32.00     0.16510
2     20     32.00     0.14612
2     20     32.00     0.17436
2     20     32.00     0.12413
2     20     32.00     0.16935
2     20     32.00     0.31107
2     20     32.00     0.18216
2     20     32.00     0.23879
2     20     32.00     0.17738
2     20     32.00     0.16207
2     20     32.00     0.24738
2     20     32.00     0.15451
2     20     32.00     0.19008
2     20     32.00     0.24601
2     20     32.00     0.15382
2     20     36.00     0.31916
2     20     36.00     0.25150
2     20     36.00     0.29336
2     20     36.00     0.32279
2     20     36.00     0.38244
2     20     36.00     0.47575
2     20     36.00     0.43121
2     20     36.00     0.32367
2     20     36.00     0.30427
2     20     36.00     0.42474
2     20     36.00     0.24989
2     20     36.00     0.28411
2     20     36.00     0.36140
2     20     36.00     0.29032
2     20     36.00     0.23173
2     20     36.00     0.28539
2     20     36.00     0.22980
2     20     36.00     0.37791
2     20     36.00     0.23691
2     20     36.00     0.23646
2     20     40.00     0.46782
2     20     40.00     0.50850
2     20     40.00     0.44893
2     20     40.00     0.33783
2     20     40.00     0.36727
2     20     40.00     0.35276
2     20     40.00     0.35263
2     20     40.00     0.33712
2     20     40.00     0.45753
2     20     40.00     0.37224
2     20     40.00     0.94332
2     20     40.00     0.50211
2     20     40.00     0.38195
2     20     40.00     0.32546
2     20     40.00     0.46091
2     20     40.00     0.41302
2     20     40.00     0.53783
2     20     40.00     0.34503
2     20     40.00     0.40151
2     20     40.00     0.36012
2     20     44.00     0.57572
2     20     44.00     0.54638
2     20     44.00     0.62614
2     20     44.00     0.46607
2     20     44.00     0.68152
2     20     44.00     0.52824
2     20     44.00     0.42162
2     20     44.00     0.58290
2     20     44.00     0.44722
2     20     44.00     0.64042
2     20     44.00     0.84307
2     20     44.00     0.62908
2     20     44.00     0.69260
2     20     44.00     0.47973
2     20     44.00     0.34515
2     20     44.00     0.57985
2     20     44.00     0.48927
2     20     44.00     0.48394
2     20     44.00     0.56325
2     20     44.00     0.65399
2     20     48.00     0.65133
2     20     48.00     0.47022
2     20     48.00     1.14140
2     20     48.00     0.60076
2     20     48.00     0.69802
2     20     48.00     0.47516
2     20     48.00     0.51315
2     20     48.00     0.49987
2     20     48.00     0.56756
2     20     48.00     0.44123
2     20     48.00     0.63557
2     20     48.00     0.55084
2     20     48.00     0.65122
2     20     48.00     0.63052
2     20     48.00     0.59820
2     20     48.00     0.61050
2     20     48.00     0.45114
2     20     48.00     0.56657
2     20     48.00     0.79542
2     20     48.00     0.48398
2     20     52.00     0.48297
2     20     52.00     0.84543
2     20     52.00     0.84186
2     20     52.00     0.59813
2     20     52.00     0.64477
2     20     52.00     0.98903
2     20     52.00     0.67516
2     20     52.00     0.65571
2     20     52.00     0.71338
2     20     52.00     0.62232
2     20     52.00     0.52752
2     20     52.00     0.94251
2     20     52.00     0.56351
2     20     52.00     0.66785
2     20     52.00     0.63338
2     20     52.00     0.64649
2     20     52.00     0.69642
2     20     52.00     0.79851
2     20     52.00     0.49114
2     20     56.00     0.69538
2     20     56.00     0.63577
2     20     56.00     0.75592
2     20     56.00     1.18017
2     20     56.00     0.83979
2     20     56.00     0.50305
2     20     56.00     1.48558
2     20     56.00     0.68038
2     20     56.00     0.95489
2     20     56.00     0.46595
2     20     56.00     0.52975
2     20     56.00     2.00327
2     20     56.00     0.91151
2     20     56.00     0.66038
2     20     56.00     0.68192
2     20     56.00     2.00805
2     20     56.00     0.68406
2     20     56.00     0.57579
2     20     56.00     0.74384
2     20     60.00     1.44851
2     20     60.00     0.60537
2     20     60.00     1.87082
2     20     60.00     0.59641
2     20     60.00     0.61026
2     20     60.00     0.65685
2     20     60.00     1.14519
2     20     60.00     0.67506
2     20     60.00     0.74610
2     20     60.00     0.91947
2     20     60.00     0.97991
2     20     60.00     0.78143
2     20     60.00     0.82455
2     20     60.00     0.67677
2     20     60.00     1.05546
2     20     60.00     0.71683
2     20     60.00     1.12730
2     20     60.00     0.96299
2     20     64.00     0.73296
2     20     64.00     1.32216
2     20     64.00     1.30620
2     20     64.00     0.79214
2     20     64.00     0.64332
2     20     64.00     0.70139
2     20     64.00     0.89612
2     20     64.00     0.80816
2     20     64.00     1.14362
2     20     64.00     0.99416
2     20     64.00     0.88726
2     20     64.00     1.08987
2     20     64.00     1.16473
2     20     64.00     1.70961
2     20     64.00     0.73119
2     20     64.00     0.98311
2     20     64.00     1.08334
2     20     64.00     1.06689
2     20     68.00     2.33236
2     20     68.00     0.76256
2     20     68.00     1.73814
2     20     68.00     1.20967
2     20     68.00     1.67726
2     20     68.00     1.61180
2     20     68.00     1.88645
2     20     68.00     1.83554
2     20     68.00     3.21495
2     20     68.00     0.88283
2     20     68.00     3.27079
2     20     68.00     1.86232
2     20     68.00     1.37914
2     20     68.00     1.60020
2     20     68.00     1.09169
2     20     68.00     0.91334
2     20     68.00     2.29075
2     20     68.00     0.77065
2     20     68.00     1.64259
2     20     72.00     1.17601
2     20     72.00     1.01984
2     20     72.00     1.22747
2     20     72.00     1.67318
2     20     72.00     1.29653
2     20     72.00     1.29061
2     20     72.00     1.32350
2     20     72.00     0.76914
2     20     72.00     0.82160
2     20     72.00     2.02038
2     20     72.00     1.59357
2     20     72.00     1.72923
2     20     72.00     0.63498
2     20     72.00     1.20321
2     20     76.00     1.95962
2     20     76.00     1.66794
2     20     76.00     1.52993
2     20     76.00     2.52346
2     20     76.00     1.42542
2     20     76.00     1.80683
2     20     76.00     0.99756
2     3     40.00     0.00015
2     3     40.00     0.00008
2     3     40.00     0.00321
2     3     40.00     0.00010
2     3     40.00     0.00008
2     3     40.00     0.00008
2     3     40.00     0.00272
2     3     40.00     0.00010
2     3     40.00     0.00259
2     3     40.00     0.00322
2     13     40.00     0.13677
2     13     40.00     0.14628
2     13     40.00     0.15418
2     13     40.00     0.11977
2     13     40.00     0.14281
2     13     40.00     0.13635
2     13     40.00     0.28637
2     13     40.00     0.18324
2     13     40.00     0.10384
2     13     40.00     0.14288
2     23     40.00     0.90832
2     23     40.00     0.72835
2     23     40.00     0.59147
2     23     40.00     0.44102
2     23     40.00     0.59294
2     23     40.00     0.62665
2     23     40.00     0.71134
2     23     40.00     0.60569
2     23     40.00     0.39702
2     23     40.00     0.87956
2     23     40.00     0.56567
2     23     40.00     0.36009
2     23     40.00     0.57871
2     23     40.00     0.36046
2     23     40.00     0.50647
2     23     40.00     0.73978
2     23     40.00     0.60400
2     23     40.00     0.60393
2     23     40.00     0.55685
2     23     40.00     0.48753
2     33     40.00     1.88683
2     33     40.00     1.60728
2     33     40.00     1.53973
2     33     40.00     1.68315
2     33     40.00     1.23677
2     33     40.00     1.53981
2     33     40.00     1.49553
2     33     40.00     1.64729
2     33     40.00     0.84779
2     33     40.00     1.24380
2     43     40.00     2.84356
2     43     40.00     2.81486
2     43     40.00     2.19331
2     43     40.00     2.75406
2     43     40.00     2.62919
2     43     40.00     2.66775
2     43     40.00     2.66641
2     43     40.00     2.21613
2     43     40.00     2.54215
2     43     40.00     3.41190
2     53     40.00     6.52850
2     53     40.00     4.40745
2     53     40.00     4.41887
2     53     40.00     5.74233
2     53     40.00     5.36486
2     53     40.00     4.76444
2     53     40.00     5.37717
2     53     40.00     4.21582
2     53     40.00     4.50387
2     53     40.00     4.83224
2     53     40.00     4.76551
2     53     40.00     7.29019
2     53     40.00     4.89055
2     53     40.00     5.88815
2     53     40.00     6.16522
2     53     40.00     5.94123
2     53     40.00     6.86257
2     53     40.00     5.67432
2     53     40.00     4.70608
2     53     40.00     5.54483
2     63     40.00     8.06441
2     63     40.00     7.85580
2     63     40.00     7.98837
2     63     40.00     8.36232
2     63     40.00     7.80479
2     63     40.00     9.19090
2     63     40.00     5.86304
2     63     40.00     8.54852
2     63     40.00     7.06091
2     63     40.00     9.07914
2     73     40.00     11.13952
2     73     40.00     10.85120
2     73     40.00     13.35837
2     73     40.00     11.99691
2     73     40.00     13.08706
2     73     40.00     11.09567
2     73     40.00     13.89218
2     73     40.00     16.79339
2     73     40.00     15.53901
2     83     40.00     18.64974
2     83     40.00     17.00936
2     83     40.00     15.86051
2     83     40.00     23.18513
2     83     40.00     22.14570
2     83     40.00     21.10646
2     83     40.00     19.59268
2     83     40.00     15.15811
2     83     40.00     18.36374
2     83     40.00     15.46644
2     83     40.00     20.20205
2     83     40.00     20.27080
2     83     40.00     15.41022
2     83     40.00     19.17489
2     83     40.00     21.48824
2     83     40.00     18.46422
2     83     40.00     19.03673
2     83     40.00     19.14112
2     83     40.00     15.89636
2     93     40.00     31.25055
2     93     40.00     27.01037
2     93     40.00     31.95836
2     93     40.00     27.37550
2     93     40.00     26.64885
2     93     40.00     25.76482
2     93     40.00     27.58886
2     93     40.00     21.20156
2     93     40.00     31.05694
2     93     40.00     22.36726
2     103     40.00     35.69990
2     103     40.00     34.90932
2     103     40.00     41.36796
2     103     40.00     29.10902
2     103     40.00     41.44957
2     103     40.00     41.47225
2     103     40.00     29.31067
2     103     40.00     35.80211
2     103     40.00     40.86261
2     103     40.00     35.58363
2     113     40.00     39.54043
2     113     40.00     48.12975
2     113     40.00     47.11545
2     113     40.00     56.37437
2     113     40.00     65.51323
2     113     40.00     51.02203
2     113     40.00     55.08294
2     113     40.00     65.41956
2     113     40.00     66.22320
2     113     40.00     51.16678
2     123     40.00     73.76505
2     123     40.00     75.33007
2     123     40.00     52.34813
2     123     40.00     63.09129
2     123     40.00     64.52380
2     123     40.00     63.36655
2     123     40.00     74.27116
2     123     40.00     64.40517
2     123     40.00     62.72232
